[app/ui]
version = 7.0.1
modtime = 1516916876.727735100

[app/launcher]
version = 7.0.1
modtime = 1516916876.755810600

[views/mockdata]
owner = admin
version = 7.0.1
modtime = 1516916965.064082400
