[app/ui]
version = 7.0.1
modtime = 1516765374.234064000

[app/launcher]
version = 7.0.1
modtime = 1516765374.240245000

[html/music_html]
owner = admin
version = 7.0.1
modtime = 1516770445.484399000
