[app/ui]
version = 7.0.1
modtime = 1516298016.249886000

[app/launcher]
version = 7.0.1
modtime = 1516298016.265886800

[views/custom_view]
owner = admin
version = 7.0.1
modtime = 1516298173.740142000
