[app/install/install_source_checksum]
version = 7.0.1
modtime = 1517847401.053753000

[symantec_ep/symantec_ep_proxy]
version = 7.0.1
modtime = 1517847493.064740000

[inputs/script%3A%2F%2F%24SPLUNK_HOME%2Fetc%2Fapps%2FSplunk_TA_symantec-ep%2Fbin%2Fmalware_category_update.py]
version = 7.0.1
modtime = 1517847494.393362000

[app/install/is_configured]
version = 7.0.1
modtime = 1517847497.592082000
