[app/ui]
version = 7.0.1
modtime = 1516554830.308913000

[app/launcher]
version = 7.0.1
modtime = 1516554830.324410200

[views/roberts_custom_view]
owner = admin
version = 7.0.1
modtime = 1516560126.179494600
