[app/install/install_source_checksum]
version = 7.0.1
modtime = 1517523712.270012000

[app/install/state]
version = 7.0.1
modtime = 1517847524.416110000
